0.00253877
0.00308587
0.00311302
0.00317208
0.00322869
0.00320732
0.00317955
0.00321054
0.00323187
0.00331310
0.00326113
0.00336322
0.00334429
0.00344267
0.00340243
0.00346821
0.00345364
0.00346191
0.00346682
0.00355157
0.00773907
0.00354857
0.00351626
0.01236708
0.00994443
0.00362211
0.00354278
0.02153067
0.01494587
0.00400598
0.02364310
0.01716612
0.00984918
0.02148612
0.02399120
0.02098516
0.02512550
0.02529289
0.03734471
0.03341852
0.02270793
0.02233746
0.03256656
0.03925611
0.01908811
0.01913156
0.03459818
0.02861400
