0.00303932
0.00313620
0.00313365
0.00261049
0.00321501
0.00321936
0.00317437
0.00320990
0.00322292
0.00302324
0.00330173
0.00332664
0.00337260
0.00340234
0.00336291
0.00341979
0.00343760
0.00358150
0.00318518
0.00345986
0.00338445
0.01332249
0.01280540
0.00327119
0.00671714
0.00730905
0.00369415
0.00350075
0.00764400
0.00369374
0.00363036
0.01604783
0.02822051
0.00375447
0.00382096
0.02545558
0.02714683
0.01843677
0.03911955
0.01421305
0.00386124
0.02590800
0.01724136
0.01923157
0.02409788
0.02661789
0.02367934
0.02101362
