0.00302896
0.00607287
0.00681749
0.01015397
0.01089259
0.01282508
0.01458961
0.01662749
0.01861070
0.02541839
0.02084370
0.03035722
0.03364475
0.03541197
0.02984216
0.03175309
0.03387288
0.03539661
0.03740748
0.04156124
0.03971266
0.04157887
0.04348279
0.04538049
0.04869521
0.07304247
0.06380144
0.07067440
0.07321388
0.08266723
0.07854578
0.08140607
0.08323845
0.08578701
0.08840845
0.09222215
0.09331658
0.09606929
0.09854550
0.10086287
0.10403071
0.11013634
0.10848022
0.11112471
0.11353903
0.11611937
0.11882496
0.12109783
