0.00306648
0.00158137
0.00110500
0.00095534
0.00074860
0.00068085
0.00059538
0.00061169
0.00059597
0.00057315
0.00055307
0.00059336
0.00052359
0.00063742
0.00057361
0.00054805
0.00061146
0.00057629
0.00061949
0.00058465
0.00064551
0.00066838
0.00061849
0.00075645
0.00510539
0.00600566
0.00070936
0.00073017
0.00213147
0.01872512
0.00078342
0.00080088
0.01529200
0.01026461
0.00305351
0.00433149
0.01916236
0.01737817
0.02100268
0.01803314
0.01907913
0.01471164
0.01952219
0.02055018
0.02078591
0.01545620
0.02072500
0.01284684
