0.00234300
0.00163258
0.00110396
0.00090280
0.00079577
0.00067969
0.00063125
0.00065351
0.00060063
0.00056967
0.00055013
0.00057286
0.00049728
0.00061929
0.00052465
0.00062286
0.00060506
0.00057643
0.00057910
0.00066246
0.00066814
0.00059173
0.00069358
0.00069493
0.00064921
0.00066081
0.00069747
0.00606928
0.00080869
0.00065248
0.00075639
0.00084663
0.01885134
0.00512279
0.00090321
0.00646279
0.01370103
0.01675884
0.01915240
0.02416132
0.00506579
0.01797988
0.00558676
0.01728514
0.01256881
0.01631369
0.01824264
0.01621782
