0.00252944
0.00229225
0.00252657
0.00227489
0.00226976
0.00252560
0.00228536
0.00304244
0.00303142
0.00302748
0.00229691
0.00304103
0.00253138
0.00303036
0.00303441
0.00252063
0.00285615
0.00228781
0.00227965
0.00303254
0.00253880
0.00252075
0.00253095
0.00303291
0.00227291
0.00226568
0.00230339
0.00226878
0.00236058
0.00227546
0.00288455
0.00252518
0.00253402
0.00189200
0.00189310
0.00226642
0.00236802
0.00189256
0.00236748
0.00303409
0.00226607
0.00226928
0.00236524
0.00283536
0.00236557
0.00230895
0.00189216
0.00188941
