0.00312361
0.00163496
0.00084137
0.00094342
0.00077515
0.00120983
0.00062096
0.00060657
0.00062946
0.00056860
0.00049551
0.00055635
0.00055039
0.00060526
0.00052815
0.00054979
0.00065562
0.00065039
0.00054211
0.00058581
0.00056726
0.00071644
0.00104813
0.00097077
0.00063506
0.00080578
0.00079085
0.00715116
0.00891813
0.00502883
0.01248788
0.00085654
0.01008430
0.00093672
0.00089338
0.01405295
0.01306714
0.01704530
0.01603562
0.01602938
0.00094969
0.01901986
0.01793305
0.01697323
0.02152611
0.01786189
0.02148948
0.01808433
