0.00304862
0.00157939
0.00110991
0.00116654
0.00078053
0.00073576
0.00064880
0.00055891
0.00060204
0.00056303
0.00058798
0.00052058
0.00057135
0.00061241
0.00058714
0.00054404
0.00062437
0.00061966
0.00053165
0.00058046
0.00066663
0.00066021
0.00072429
0.00071980
0.01874933
0.00373340
0.00077222
0.01039252
0.00058796
0.01031119
0.00062798
0.00085255
0.00885838
0.00089550
0.00090409
0.00068304
0.00071857
0.00856439
0.00892048
0.01528748
0.00110230
0.01630544
0.00616494
0.00084476
0.01724165
0.01532908
0.01529530
0.01422121
