0.00303326
0.00303437
0.00229351
0.00228047
0.00307754
0.00230093
0.00227757
0.00227755
0.00227737
0.00230834
0.00227772
0.00231012
0.00229421
0.00230534
0.00228348
0.00228743
0.00227416
0.00227629
0.00229138
0.00228624
0.00227876
0.00228336
0.00231185
0.00227842
0.00230994
0.00188925
0.00227947
0.00228422
0.00190715
0.00190353
0.00227919
0.00228279
0.00229070
0.00188860
0.00228212
0.00229008
0.00229101
0.00190116
0.00189100
0.00237620
0.00189956
0.00227559
0.00188961
0.00227461
0.00228308
0.00189190
0.00189694
0.00190013
