0.00227717
0.00311012
0.00240616
0.00269730
0.00327111
0.00326950
0.00335290
0.00308974
0.00335808
0.00337361
0.00320457
0.00323588
0.00326040
0.00350186
0.00352863
0.00550729
0.00291284
0.01297204
0.00288057
0.01095437
0.02894199
0.01315754
0.01167947
0.01497799
0.00367968
0.02481272
0.02025737
0.03142308
0.00550194
0.01271195
0.01102954
0.02349341
0.01935864
0.01587338
0.02636846
0.03404810
0.00336280
0.01775809
0.02573565
0.00913739
0.02506744
0.02799453
0.02656094
0.02567252
0.03729848
0.02843426
0.03911585
0.03896553
