0.00288153
0.00453919
0.00682611
0.00915246
0.01121827
0.01310425
0.01599309
0.01665892
0.01914271
0.02004977
0.02263572
0.02442670
0.02594102
0.02776317
0.02957802
0.03180117
0.03233729
0.03595226
0.03616690
0.03953989
0.03992771
0.04177856
0.04365218
0.04558109
0.04752949
0.04943385
0.05293430
0.05483786
0.05510721
0.05792879
0.05890258
0.06080745
0.06416648
0.06607607
0.06637417
0.06835920
0.07170179
0.07307532
0.07403138
0.07601733
0.07794475
0.07983976
0.08301006
0.08375620
0.08570773
0.08875075
0.08947040
0.09452486
