0.00228408
0.00312095
0.00320286
0.00328066
0.00329946
0.00337745
0.00327544
0.00338937
0.00338331
0.00343296
0.00344528
0.00344318
0.00348108
0.00350848
0.00353539
0.00363024
0.00349677
0.00363118
0.01298926
0.01069310
0.00369597
0.00362909
0.02258098
0.01389436
0.00393393
0.02367500
0.01992949
0.01870954
0.02683437
0.02371780
0.01348596
0.03623078
0.01753759
0.03307445
0.03772745
0.02660396
0.02401534
0.02908681
0.02753423
0.01934457
0.02161436
0.03667222
0.02733683
0.02772324
0.04941564
0.02046980
0.02663896
0.03426714
